e0094: 0
e0184: 0
e0193: 0.00016
e0274: 0
e0283: 0.00167333
e0292: 0.000233333
e0364: 0
e0373: 0.00734
e0382: 0.00176667
e0391: 0.00014
e1084: 0
e1093: 0.000146667
e1174: 0
e1183: 0.00352667
e1192: 0.000533333
e1264: 0
e1273: 0.02596
e1282: 0.00548667
e1291: 0.0006
e1354: 0
e1363: 0.0929667
e1372: 0.0261533
e1381: 0.00331333
e1390: 0.00014
e2074: 0
e2083: 0.00158667
e2092: 0.000273333
e2164: 0
e2173: 0.0261467
e2182: 0.00613333
e2191: 0.000513333
e2254: 0
e2263: 0.1545
e2272: 0.04328
e2281: 0.00569333
e2290: 0.000213333
e2344: 0
e2353: 0.41112
e2362: 0.15172
e2371: 0.0267933
e2380: 0.00163333
e3064: 0
e3073: 0
e3082: 0
e3091: 0
e3154: 0
e3163: 0
e3172: 0
e3181: 0
e3190: 0
e3244: 0
e3253: 0
e3262: 0
e3271: 0
e3280: 0
e3334: 0
e3343: 0
e3352: 0
e3361: 0
e3370: 0
Frequency spades:
    0	    1706
    1	   23845
    2	  124449
Generated 12346055 hands
Produced 150000 hands
Initial random seed 1
Time needed   31.474 sec
