e0094: 0
e0184: 0
e0193: 0.00016
e0274: 0
e0283: 0.00184667
e0292: 0.000213333
e0364: 0
e0373: 0.00774
e0382: 0.00150667
e0391: 0.000166667
e1084: 0
e1093: 0.000186667
e1174: 0
e1183: 0.00335333
e1192: 0.00058
e1264: 0
e1273: 0.0266933
e1282: 0.00566
e1291: 0.000613333
e1354: 0
e1363: 0.09466
e1372: 0.02596
e1381: 0.00332
e1390: 0.000186667
e2074: 0
e2083: 0.00154
e2092: 0.000246667
e2164: 0
e2173: 0.02672
e2182: 0.00543333
e2191: 0.000453333
e2254: 0
e2263: 0.15302
e2272: 0.0421133
e2281: 0.00576667
e2290: 0.000333333
e2344: 0
e2353: 0.411487
e2362: 0.152007
e2371: 0.0263467
e2380: 0.00151333
e3064: 0
e3073: 0
e3082: 0
e3091: 0
e3154: 0
e3163: 0
e3172: 0
e3181: 0
e3190: 0
e3244: 0
e3253: 0
e3262: 0
e3271: 0
e3280: 0
e3334: 0
e3343: 0
e3352: 0
e3361: 0
e3370: 0
Frequency spades:
    0	    1749
    1	   24201
    2	  124050
Generated 12328941 hands
Produced 150000 hands
Initial random seed 1
Time needed    7.286 sec
