e0094: 0
e0184: 0
e0193: 0.000153333
e0274: 0
e0283: 0.00170667
e0292: 0.00026
e0364: 0
e0373: 0.00741333
e0382: 0.00163333
e0391: 0.00022
e1084: 0
e1093: 0.000226667
e1174: 0
e1183: 0.00321333
e1192: 0.00056
e1264: 0
e1273: 0.0258067
e1282: 0.00556667
e1291: 0.000566667
e1354: 0
e1363: 0.0953133
e1372: 0.0266133
e1381: 0.00342
e1390: 0.000106667
e2074: 0
e2083: 0.00184
e2092: 0.000213333
e2164: 0
e2173: 0.0255333
e2182: 0.00585333
e2191: 0.000526667
e2254: 0
e2263: 0.15246
e2272: 0.04234
e2281: 0.00576
e2290: 0.000233333
e2344: 0
e2353: 0.410367
e2362: 0.15354
e2371: 0.0267533
e2380: 0.00158
e3064: 0
e3073: 0
e3082: 0
e3091: 0
e3154: 0
e3163: 0
e3172: 0
e3181: 0
e3190: 0
e3244: 0
e3253: 0
e3262: 0
e3271: 0
e3280: 0
e3334: 0
e3343: 0
e3352: 0
e3361: 0
e3370: 0
Frequency spades:
    0	    1718
    1	   24226
    2	  124056
Generated 12419120 hands
Produced 150000 hands
Initial random seed 1
Time needed   11.423 sec
