e0094: 0
e0184: 0
e0193: 0.0002
e0274: 0
e0283: 0.00179333
e0292: 0.000266667
e0364: 0
e0373: 0.00729333
e0382: 0.00155333
e0391: 0.000133333
e1084: 0
e1093: 0.000173333
e1174: 0
e1183: 0.00337333
e1192: 0.000546667
e1264: 0
e1273: 0.02648
e1282: 0.00602
e1291: 0.000593333
e1354: 0
e1363: 0.09432
e1372: 0.0259
e1381: 0.00338667
e1390: 0.000146667
e2074: 0
e2083: 0.00162
e2092: 0.000246667
e2164: 0
e2173: 0.0266867
e2182: 0.00593333
e2191: 0.000573333
e2254: 0
e2263: 0.151193
e2272: 0.0424067
e2281: 0.00570667
e2290: 0.000306667
e2344: 0
e2353: 0.410827
e2362: 0.1536
e2371: 0.0268467
e2380: 0.00162
e3064: 0
e3073: 0
e3082: 0
e3091: 0
e3154: 0
e3163: 0
e3172: 0
e3181: 0
e3190: 0
e3244: 0
e3253: 0
e3262: 0
e3271: 0
e3280: 0
e3334: 0
e3343: 0
e3352: 0
e3361: 0
e3370: 0
Frequency spades:
    0	    1700
    1	   24158
    2	  124142
Generated 12304587 hands
Produced 150000 hands
Initial random seed 1
Time needed   11.006 sec
