e0094: 0
e0184: 0
e0193: 0.00014
e0274: 0
e0283: 0.00157333
e0292: 0.000226667
e0364: 0
e0373: 0.00766667
e0382: 0.00160667
e0391: 0.000173333
e1084: 0
e1093: 0.000146667
e1174: 0
e1183: 0.00364
e1192: 0.00048
e1264: 0
e1273: 0.02694
e1282: 0.00565333
e1291: 0.000593333
e1354: 0
e1363: 0.0944067
e1372: 0.0266267
e1381: 0.00344667
e1390: 0.000173333
e2074: 0
e2083: 0.00144667
e2092: 0.000226667
e2164: 0
e2173: 0.0257267
e2182: 0.00577333
e2191: 0.000506667
e2254: 0
e2263: 0.154107
e2272: 0.0422867
e2281: 0.00571333
e2290: 0.000366667
e2344: 0
e2353: 0.411313
e2362: 0.151293
e2371: 0.0261133
e2380: 0.00145333
e3064: 0
e3073: 0
e3082: 0
e3091: 0
e3154: 0
e3163: 0
e3172: 0
e3181: 0
e3190: 0
e3244: 0
e3253: 0
e3262: 0
e3271: 0
e3280: 0
e3334: 0
e3343: 0
e3352: 0
e3361: 0
e3370: 0
Frequency spades:
    0	    1717
    1	   24329
    2	  123954
Generated 12339464 hands
Produced 150000 hands
Initial random seed 1
Time needed    5.806 sec
